10/21/16
Fail(10:11:12,1,2,3,4,5,6)
Fail(10:11:12,1,2,3,4,5,6)
Fail(10:11:12,1,2,3,4,5,6)
Fail(10:11:12,1,2,3,4,5,6)
Fail(10:11:12,1,2,3,4,5,6)
Fail(10:11:12,1,2,3,4,5,6)
Fail(10:11:12,1,2,3,4,5,6)
Fail(10:11:12,1,2,3,4,5,6)
Fail(10:11:12,1,2,3,4,5,6)
Fail(10:11:12,1,2,3,4,5,6)
Fail(10:11:12,1,2,3,4,5,6)
Fail(10:11:12,1,2,3,4,5,6)
Fail(10:11:12,1,2,3,4,5,6)
Fail(10:11:12,1,2,3,4,5,6)
Fail(10:11:12,1,2,3,4,5,6)
OK(10:11:12,1,2,3,4,5,6)
OK(10:11:12,1,2,3,4,5,6)
OK(10:11:12,1,2,3,4,5,6)
OK(10:11:12,1,2,3,4,5,6)
Fail(10:11:12,1,2,3,4,5,6)
OK(10:11:12,1,2,3,4,5,6)
Fail(10:11:12,1,2,3,4,5,6)
Fail(10:11:12,1,2,3,4,5,6)
Fail(10:11:12,1,2,3,4,5,6)